[14.jpg]
backuphash=31646
text=2;126;6;coucou;Arial;0.595643,0.882298,0.033762,5.717270;v1,4294967295,4278190080,128.000000,1.000000,0.000000,1.000000,400,0,49152;;147;9;c'est moi;Walt Disney Script v4.1;0.773711,0.808339,0.056790,0.501396;v1,4294967295,4278190080,128.000000,1.000000,0.420561,0.839844,700,2,49152;;
textactive=1
rotate=rotate(0)
